────────────────────────────────
 Col. 1  Col. 2  Col. 3  Col. 4
────────────────────────────────
    0.0     1.0     0.0     0.0
    1.0     1.0     1.0     0.5
    2.0     1.0     2.0     2.0
    3.0     1.0     3.0     4.5
    4.0     1.0     4.0     8.0
    5.0     1.0     5.0    12.5
    6.0     1.0     6.0    18.0
    7.0     1.0     7.0    24.5
    8.0     1.0     8.0    32.0
    9.0     1.0     9.0    40.5
   10.0     1.0    10.0    50.0
   11.0     1.0    11.0    60.5
   12.0     1.0    12.0    72.0
   13.0     1.0    13.0    84.5
   14.0     1.0    14.0    98.0
   15.0     1.0    15.0   112.5
   16.0     1.0    16.0   128.0
   17.0     1.0    17.0   144.5
   18.0     1.0    18.0   162.0
   19.0     1.0    19.0   180.5
   20.0     1.0    20.0   200.0
────────────────────────────────
